7805.815890 12.779000 0.002800
7806.813440 12.759100 0.002200
7807.806430 12.781600 0.002400
7807.894330 12.775300 0.002400
7808.839900 12.762600 0.002100
7809.801760 12.777900 0.002600
7809.805690 12.773900 0.002300
7809.888740 12.763700 0.002600
7810.799330 12.784200 0.002300
7810.801060 12.765300 0.002500
7811.801780 12.758900 0.002400
7813.791150 12.780700 0.002400
7813.792830 12.769500 0.002500
7813.794280 12.763100 0.002400
7814.803230 12.752700 0.002300
7815.841380 12.766900 0.002400
7816.796260 12.776600 0.002500
7817.792850 12.751100 0.002500
7819.787180 12.738300 0.002300
7819.842430 12.777500 0.002500
7820.787480 12.761400 0.002000
7820.845190 12.761500 0.002700
7821.770770 12.746600 0.002200
7821.772130 12.761600 0.002500
7821.773740 12.758500 0.002800
7821.775130 12.769900 0.002400
7821.888300 12.750300 0.002400
7822.766940 12.760000 0.002300
7822.768530 12.764800 0.002300
7822.769880 12.768800 0.002800
7822.771500 12.752800 0.002400
7822.887440 12.749300 0.002500
7823.764660 12.745100 0.002500
7823.766860 12.757000 0.002200
7823.769670 12.764900 0.002900
7824.767250 12.744100 0.002300
7824.794610 12.740400 0.002200
7824.886070 12.760600 0.002600
7826.754210 12.770700 0.002600
7826.755660 12.756500 0.002500
7826.898870 12.754600 0.002400
7827.750990 12.743300 0.002500
7827.857910 12.746800 0.002400
7828.758320 12.739000 0.002400
7828.848720 12.759700 0.002300
7829.754130 12.725000 0.002500
7830.749050 12.748300 0.002900
7830.786010 12.745700 0.003100
7831.874790 12.743400 0.002900
7832.744120 12.761300 0.003300
7832.837540 12.739000 0.003100
7833.742940 12.758500 0.002600
7833.838440 12.748300 0.002600
7834.741240 12.742900 0.002500
7834.764440 12.755200 0.002600
7834.900630 12.755800 0.002700
7835.730660 12.748900 0.001900
7835.851470 12.748400 0.002700
7836.728640 12.754600 0.002200
7836.827110 12.734300 0.002300
7837.724950 12.751100 0.002400
7837.783410 12.752500 0.002100
7838.732010 12.749800 0.002100
7838.755770 12.745900 0.002300
7838.859130 12.744200 0.002900
7840.715780 12.744800 0.002400
7840.745280 12.748700 0.002200
7840.880520 12.745900 0.002700
7842.719240 12.748000 0.002300
7842.785950 12.752500 0.002300
7842.882660 12.753100 0.002400
7843.846410 12.752100 0.002500
7844.716680 12.775700 0.002400
7844.772400 12.763500 0.002300
7844.899960 12.743500 0.002200
7845.709880 12.757200 0.002100
7845.744120 12.754100 0.002300
7845.835240 12.739600 0.002800
7846.709920 12.755600 0.002200
7846.799520 12.740300 0.002400
7846.817700 12.757500 0.002400
7847.704360 12.754200 0.002300
7847.735910 12.761400 0.002100
7847.883330 12.744300 0.002500
7848.705190 12.744900 0.002700
7849.690750 12.733800 0.002400
7849.722400 12.742700 0.002600
7849.845010 12.736000 0.002400
7850.689120 12.741200 0.002300
7850.690880 12.767900 0.002500
7850.772600 12.734200 0.002600
7851.687050 12.743400 0.002600
7851.812980 12.737400 0.002400
7852.724000 12.753700 0.002300
7852.861280 12.747200 0.002600
7853.681920 12.740400 0.002700
7853.768160 12.751900 0.002500
7853.914790 12.754600 0.002400
7854.700540 12.732400 0.002700
7855.713140 12.746900 0.002600
7855.803180 12.751800 0.002800
7856.676410 12.752000 0.002400
7856.709940 12.749200 0.002700
7856.794990 12.730500 0.002600
7856.915680 12.748000 0.002800
7858.671520 12.756900 0.003500
7858.770890 12.739400 0.005800
7858.887160 12.734800 0.003200
7862.660390 12.748400 0.002400
7862.747900 12.734700 0.002600
7863.836970 12.735800 0.002800
7864.650490 12.747200 0.002600
7864.698170 12.731900 0.002400
7865.648150 12.749100 0.002400
7865.699020 12.739200 0.002400
7865.873220 12.732600 0.002800
7866.646430 12.748700 0.002400
7866.741190 12.733200 0.002100
7867.642140 12.741200 0.002500
7867.809770 12.729700 0.002800
7868.754730 12.732000 0.002200
7868.788790 12.721700 0.002000
7868.816360 12.744100 0.002100
7869.833860 12.733300 0.002200
7870.663290 12.723500 0.002400
7871.716200 12.732100 0.002500
7871.799690 12.735700 0.002600
7872.633920 12.733700 0.002900
7873.663050 12.740000 0.002600
7874.712400 12.744400 0.002600
7874.790600 12.741700 0.002700
7874.909660 12.723100 0.002600
7875.707170 12.721500 0.001600
7876.626290 12.735500 0.002800
7876.778660 12.736400 0.002700
7877.783150 12.735400 0.002600
7878.651720 12.723800 0.002300
7878.744300 12.727800 0.002700
7878.870640 12.728800 0.002400
7879.609500 12.730800 0.002700
7879.681270 12.723900 0.002600
7879.813100 12.727200 0.002300
7879.841370 12.720600 0.002700
7880.606510 12.701100 0.002400
7880.635420 12.704500 0.002500
7880.772730 12.730600 0.002400
7883.651300 12.726100 0.002700
7883.794910 12.728700 0.002400
7887.593400 12.712200 0.004200
7887.616990 12.732700 0.004300
7887.842660 12.720100 0.003900
7888.593430 12.730500 0.002900
7888.625720 12.719700 0.002500
7888.743420 12.724900 0.002700
7888.832150 12.651800 0.002500
7888.849240 12.726100 0.003000
7889.586010 12.716100 0.002700
7889.635530 12.728200 0.002600
7889.721090 12.733000 0.002700
7889.835820 12.720300 0.002600
7890.722200 12.718700 0.002500
7890.815140 12.724600 0.002900
7890.936530 12.715700 0.003400
7893.570850 12.696100 0.002500
7893.682060 12.714600 0.002400
7894.568650 12.723500 0.002500
7894.650200 12.711800 0.002700
7894.899330 12.710300 0.002600
7894.923400 12.722500 0.002400
7895.566180 12.715400 0.002500
7896.587660 12.721600 0.002000
7896.771540 12.745100 0.001500
7901.552370 12.742300 0.001600
7901.628490 12.709400 0.002400
7901.751700 12.712000 0.002400
7901.840050 12.711800 0.001800
7902.554730 12.717700 0.001700
7902.656170 12.707700 0.002500
7902.743910 12.702900 0.002700
7903.647960 12.712400 0.002400
7903.867750 12.716300 0.002000
7904.592200 12.713000 0.002500
7904.924490 12.698700 0.001700
7905.645790 12.706200 0.002300
7905.896690 12.700900 0.002400
7906.671880 12.706000 0.002700
7906.673320 12.710200 0.002400
7907.621370 12.714200 0.002600
7907.860630 12.699100 0.001800
7908.693920 12.699800 0.002700
7908.786640 12.696300 0.002400
7910.862900 12.700800 0.002600
7911.622470 12.686300 0.002700
7911.713250 12.686100 0.002900
7911.845930 12.674800 0.002500
7913.530670 12.687900 0.004100
7913.679960 12.684000 0.002900
7914.525060 12.664700 0.004500
7914.778150 12.693100 0.003900
7915.615510 12.684900 0.002700
7915.691060 12.670100 0.002500
7915.821870 12.680300 0.003100
7916.519310 12.670200 0.002800
7916.544820 12.663900 0.002800
7916.748920 12.678600 0.002800
7916.873840 12.674200 0.002900
7917.519910 12.678200 0.002600
7917.598600 12.659800 0.002600
7917.823720 12.665300 0.002600
7918.517880 12.654400 0.002200
7918.600110 12.672600 0.002200
7918.687670 12.672300 0.002500
7918.831210 12.710400 0.003300
7919.588400 12.642700 0.001700
7923.534040 12.632400 0.002400
7923.625280 12.610000 0.002400
7923.753650 12.635200 0.001300
7924.579130 12.626700 0.002400
7925.641920 12.591600 0.001600
7925.771810 12.592500 0.002200
7933.467680 12.458000 0.002000
7934.462380 12.440300 0.002000
7934.519480 12.414200 0.002300
7934.616610 12.414700 0.002000
7934.634740 12.424700 0.002100
7934.767990 12.408800 0.002000
7935.460640 12.392700 0.002300
7935.484140 12.400100 0.001900
7935.837490 12.373700 0.002000
7936.487890 12.349900 0.002200
7936.585440 12.351600 0.002000
7936.804220 12.331100 0.001900
7937.456360 12.309900 0.002000
7937.794950 12.306200 0.002000
7938.454660 12.286600 0.002500
7938.501750 12.263700 0.002000
7939.456900 12.270000 0.001900
7939.501920 12.234100 0.001700
7939.643040 12.240100 0.001900
7942.469170 12.075800 0.002400
7942.553670 12.086400 0.002200
7942.756550 12.081400 0.002000
7943.467810 12.040600 0.002300
7944.492740 11.996500 0.001800
7944.707400 11.979500 0.001600
7945.582360 11.931900 0.001600
7945.788610 11.915500 0.001600
7946.537050 11.879900 0.001700
7946.751950 11.857500 0.001400
7947.468690 11.843400 0.001300
7947.614550 11.845200 0.001300
7948.520030 11.860000 0.001600
7948.614180 11.847500 0.001200
7948.744150 11.865500 0.001400
7949.511730 11.905000 0.001200
7949.640550 11.899600 0.001500
7949.773830 11.903500 0.001400
7951.460180 12.011400 0.001500
7951.563870 12.031200 0.001500
7951.663460 12.035900 0.001800
7951.794800 12.055700 0.001200
7952.462550 12.087800 0.001700
7952.747420 12.101100 0.001800
7953.473400 12.162300 0.002100
7953.533420 12.155900 0.001900
7953.667690 12.165800 0.001800
7953.779680 12.164900 0.001600
7954.585410 12.214300 0.002100
7954.688170 12.235200 0.001600
7955.581770 12.264700 0.001600
7955.711090 12.280400 0.002000
7956.706090 12.324600 0.002000
7957.663890 12.359900 0.002100
7958.539310 12.423500 0.001700
7958.654980 12.395700 0.002100
7958.738190 12.396200 0.001800
7960.542010 12.475300 0.002100
7961.595040 12.493500 0.002000
7962.535760 12.514600 0.001800
7962.620340 12.513500 0.001300
7964.473380 12.576600 0.001900
7964.546370 12.553100 0.001800
7964.676400 12.556100 0.002400
7966.529080 12.587500 0.002400
7966.659750 12.588600 0.002300
7966.757560 12.582200 0.002200
7967.462900 12.584000 0.002900
7967.650100 12.605800 0.002700
7967.744530 12.597100 0.002600
7968.662620 12.624600 0.003100
7969.463920 12.634200 0.003500
7969.518110 12.633400 0.003400
7969.617640 12.628700 0.002900
7970.462560 12.624100 0.003100
7971.603710 12.643400 0.002300
7971.680870 12.644400 0.002700
7982.548920 12.684800 0.002300
7983.544160 12.702400 0.002700
7983.682090 12.701800 0.002600
7984.557470 12.699100 0.002700
7984.697500 12.686200 0.001700
7985.570980 12.704900 0.002500
7986.503080 12.710900 0.002700
7986.592230 12.712600 0.002200
7987.518260 12.718100 0.002600
7988.544590 12.676400 0.001400
7990.561690 12.704200 0.002700
7991.602430 12.706700 0.002400
7992.554000 12.706200 0.002400
7993.592890 12.717100 0.002400
7994.559990 12.728300 0.002500
7995.505640 12.722000 0.002700
7995.653720 12.710200 0.003600
7996.556440 12.730700 0.003300
7997.498990 12.718400 0.002600
7997.588870 12.736800 0.003400
7999.495290 12.722300 0.002700
7999.622600 12.724900 0.002800
8000.557520 12.709600 0.002500
8001.556530 12.717600 0.002400
8003.605940 12.727800 0.002500
8004.557150 12.717600 0.002400
8007.611160 12.741500 0.002500
8007.612700 12.722000 0.002600
8008.563350 12.739300 0.002400
8010.602800 12.727900 0.002300
8011.597610 12.748800 0.002400
8012.555450 12.720300 0.002600
8013.558720 12.735100 0.002500
8015.521960 12.743800 0.002300
8015.595180 12.744000 0.002200
8025.542850 12.742700 0.002700
8028.551410 12.734000 0.002600
8030.518210 12.743700 0.003200
8033.536840 12.748200 0.002300
