7805.83316  17.155  0.020
7805.86874  17.191  0.021
7806.83853  17.147  0.010
7806.87344  17.174  0.015
7807.82169  17.103  0.008
7807.82304  17.089  0.007
7807.85581  17.097  0.008
7808.82773  17.134  0.009
7808.85426  17.108  0.007
7809.82541  17.104  0.009
7809.85779  17.134  0.011
7810.82195  17.117  0.011
7810.83492  17.098  0.010
7810.88627  17.151  0.019
7811.82594  17.118  0.011
7811.87291  17.122  0.014
7812.85557  17.122  0.013
7812.89676  17.144  0.017
7813.80867  17.085  0.011
7813.85892  17.128  0.012
7814.82100  17.112  0.016
7814.88111  17.219  0.040
7815.81198  17.050  0.008
7815.86198  17.116  0.014
7816.80543  17.026  0.006
7816.84016  17.073  0.008
7816.87528  17.071  0.012
7817.81573  17.032  0.008
7817.85372  17.045  0.008
7817.88960  17.060  0.009
7819.79992  17.058  0.011
7819.85373  17.074  0.013
7820.79751  17.031  0.012
7820.81870  17.076  0.019
7820.85634  17.070  0.015
7821.81929  17.032  0.008
7821.85828  17.050  0.015
7821.89952  17.072  0.020
7822.79122  17.030  0.011
7822.80555  16.997  0.012
7822.85964  17.013  0.013
7822.89712  17.066  0.020
7823.78792  17.037  0.011
7823.82976  17.002  0.011
7823.88232  17.041  0.014
7824.78208  16.978  0.010
7824.80669  16.974  0.008
7824.85761  17.033  0.013
7824.89512  17.014  0.010
7825.90277  16.992  0.014
7826.77163  16.945  0.011
7826.81813  16.955  0.010
7826.87018  16.983  0.011
7827.76816  16.956  0.008
7827.78044  16.924  0.007
7827.82889  16.975  0.011
7827.86782  16.991  0.012
7827.90648  16.963  0.013
7828.76915  16.968  0.013
7828.82131  16.971  0.013
7828.85939  16.968  0.010
7828.89719  17.034  0.020
7829.76453  16.965  0.011
7829.81694  16.953  0.010
7829.85201  16.947  0.011
7829.89968  17.021  0.017
7830.75957  16.924  0.008
7830.79678  16.938  0.011
7830.83530  16.968  0.014
7830.88468  16.972  0.017
7831.75971  16.913  0.008
7831.79568  16.920  0.012
7831.83248  16.932  0.013
7831.88614  16.922  0.012
7832.75622  16.878  0.009
7832.79899  16.851  0.010
7832.86533  16.880  0.012
7832.90026  16.890  0.009
7833.75379  16.879  0.008
7833.79995  16.886  0.008
7833.84909  16.893  0.011
7833.88553  16.888  0.009
7834.75305  16.864  0.008
7834.77751  16.876  0.011
7834.86919  16.869  0.010
7835.74660  16.832  0.008
7835.78094  16.844  0.008
7835.82264  16.848  0.007
7835.86366  16.843  0.012
7836.74056  16.780  0.006
7836.75691  16.814  0.006
7836.80022  16.804  0.006
7836.85158  16.811  0.006
7836.89590  16.835  0.009
7837.73863  16.783  0.006
7837.75332  16.793  0.005
7837.85093  16.775  0.005
7837.89477  16.788  0.006
7838.74582  16.798  0.008
7838.76914  16.786  0.006
7838.82831  16.796  0.007
7838.87009  16.812  0.009
7839.73584  16.788  0.013
7839.76216  16.806  0.015
7839.85014  16.821  0.019
7839.89931  16.829  0.017
7840.73348  16.758  0.008
7840.75727  16.751  0.007
7840.79867  16.778  0.010
7840.85242  16.770  0.012
7840.89543  16.816  0.016
7841.72986  16.753  0.005
7841.78208  16.707  0.006
7841.82762  16.721  0.006
7841.88509  16.724  0.006
7842.73156  16.703  0.005
7842.75658  16.714  0.005
7842.79791  16.714  0.005
7842.84759  16.719  0.008
7842.89293  16.712  0.008
7843.73423  16.696  0.004
7843.76505  16.677  0.009
7843.81682  16.675  0.006
7843.85829  16.679  0.006
7843.90146  16.683  0.006
7843.90434  16.683  0.005
7844.72866  16.653  0.005
7844.78847  16.634  0.005
7844.82437  16.651  0.005
7844.87320  16.656  0.005
7845.72220  16.647  0.006
7845.75788  16.635  0.005
7845.79575  16.635  0.005
7845.84632  16.646  0.005
7845.89728  16.673  0.008
7846.72252  16.607  0.005
7846.76200  16.612  0.005
7846.82945  16.596  0.005
7846.87535  16.610  0.009
7846.87821  16.626  0.007
7847.71697  16.613  0.006
7847.76478  16.576  0.005
7847.80170  16.586  0.006
7847.84800  16.588  0.005
7847.89623  16.616  0.009
7848.71787  16.565  0.008
7848.74937  16.575  0.006
7848.78677  16.571  0.007
7848.84261  16.582  0.012
7848.88184  16.579  0.008
7849.70804  16.545  0.005
7849.76260  16.540  0.006
7849.80073  16.538  0.006
7849.85859  16.525  0.007
7849.90912  16.552  0.009
7850.70688  16.512  0.006
7850.74763  16.511  0.006
7850.79734  16.516  0.005
7850.83491  16.509  0.005
7850.87529  16.515  0.006
7851.70159  16.463  0.006
7851.74372  16.494  0.005
7851.78571  16.473  0.004
7851.82833  16.465  0.005
7851.88529  16.483  0.006
7852.70047  16.460  0.007
7852.73727  16.425  0.006
7852.79416  16.430  0.004
7852.83589  16.441  0.004
7852.87698  16.446  0.004
7853.69592  16.475  0.006
7853.74294  16.399  0.004
7853.77984  16.423  0.005
7853.82499  16.403  0.005
7853.82699  16.407  0.004
7853.88509  16.396  0.004
7854.71558  16.386  0.005
7854.72849  16.400  0.006
7854.78883  16.392  0.006
7854.80977  16.373  0.008
7854.85166  16.386  0.010
7854.90940  16.390  0.008
7855.72694  16.355  0.008
7855.77813  16.361  0.015
7855.81587  16.348  0.007
7855.83400  16.367  0.009
7855.87301  16.348  0.005
7855.87447  16.351  0.007
7856.69249  16.304  0.005
7856.72432  16.285  0.005
7856.77077  16.300  0.004
7856.80653  16.308  0.004
7856.84328  16.307  0.004
7856.89331  16.299  0.005
7858.68500  16.247  0.010
7858.70148  16.244  0.004
7858.73709  16.231  0.004
7858.78238  16.232  0.005
7858.81908  16.226  0.004
7858.86502  16.235  0.004
7858.90187  16.235  0.008
7862.67377  16.056  0.004
7862.71270  16.051  0.003
7862.76012  16.047  0.003
7862.79692  16.048  0.003
7862.83212  16.043  0.003
7862.88062  16.056  0.007
7862.91591  16.053  0.004
7863.67216  16.007  0.005
7863.72359  16.006  0.011
7863.76109  15.997  0.010
7863.80031  16.110  0.077
7863.85275  16.001  0.004
7863.92243  15.989  0.004
7864.66709  15.967  0.005
7864.71378  15.950  0.003
7864.76639  15.943  0.003
7864.79092  15.951  0.003
7864.83205  15.949  0.004
7864.88594  15.944  0.007
7864.92785  15.964  0.010
7865.66453  15.912  0.004
7865.71335  15.899  0.004
7865.77113  15.900  0.004
7865.79274  15.896  0.013
7865.83373  15.901  0.013
7865.90186  15.913  0.010
7866.66399  15.849  0.003
7866.70793  15.842  0.003
7866.77681  15.855  0.011
7866.78383  15.846  0.008
7866.78584  15.841  0.003
7866.84284  15.826  0.014
7866.90512  15.834  0.005
7867.66035  15.788  0.005
7867.75693  15.781  0.003
7867.78253  15.790  0.005
7867.82360  15.782  0.007
7867.88196  15.774  0.005
7867.92061  15.768  0.005
7868.77155  15.735  0.003
7868.80897  15.726  0.003
7868.83995  15.722  0.003
7868.84153  15.729  0.003
7868.90346  15.722  0.003
7869.65771  15.672  0.003
7869.68459  15.675  0.003
7869.73901  15.660  0.008
7869.85355  15.657  0.008
7870.65297  15.607  0.003
7870.67701  15.608  0.005
7870.71353  15.608  0.009
7870.75955  15.603  0.004
7870.79466  15.593  0.006
7870.84572  15.573  0.020
7870.84886  15.605  0.005
7870.88775  15.607  0.007
7870.92564  15.597  0.003
7871.65130  15.546  0.003
7871.69329  15.531  0.008
7871.72927  15.550  0.003
7871.76527  15.540  0.003
7871.81274  15.535  0.006
7871.85073  15.545  0.010
7871.89984  15.532  0.009
7871.93722  15.533  0.005
7873.64561  15.431  0.004
7873.68882  15.424  0.009
7873.76163  15.428  0.002
7873.80926  15.421  0.005
7873.84563  15.425  0.004
7873.88048  15.422  0.003
7873.93502  15.422  0.003
7874.64626  15.388  0.002
7874.68501  15.383  0.002
7874.73229  15.376  0.003
7874.76763  15.379  0.002
7874.80354  14.983  0.015
7874.80507  15.380  0.002
7874.85433  15.379  0.002
7874.88950  15.376  0.002
7874.93953  15.383  0.004
7875.64603  15.347  0.003
7875.68344  15.326  0.007
7875.72057  15.336  0.003
7875.77010  15.358  0.034
7875.81546  15.318  0.013
7875.85251  15.341  0.010
7875.89806  15.549  0.075
7876.64092  15.305  0.002
7876.67192  15.304  0.003
7876.71832  15.296  0.004
7876.75803  15.294  0.002
7876.79342  15.280  0.015
7876.84132  15.296  0.007
7876.87790  15.277  0.014
7876.91603  15.289  0.003
7877.70133  15.280  0.009
7877.75819  15.285  0.005
7877.79717  15.257  0.013
7877.84153  15.282  0.009
7877.84370  15.273  0.003
7877.90034  15.283  0.004
7878.63169  15.285  0.003
7878.66926  15.272  0.002
7878.71940  15.267  0.003
7878.75823  15.275  0.007
7878.79740  15.274  0.007
7878.84889  15.265  0.002
7878.88622  15.265  0.002
7879.62716  15.276  0.002
7879.64229  15.284  0.002
7879.69583  15.278  0.002
7879.73447  15.280  0.002
7879.78610  15.264  0.003
7879.83419  15.275  0.003
7879.85787  15.274  0.003
7880.62535  15.312  0.002
7880.65020  15.315  0.002
7880.69109  15.296  0.003
7880.72913  15.298  0.002
7882.62072  15.353  0.002
7882.63539  15.353  0.002
7882.68028  15.360  0.002
7882.75060  15.356  0.004
7882.79297  15.335  0.054
7882.83744  15.374  0.002
7882.89170  15.356  0.006
7882.93438  15.367  0.002
7883.61713  15.408  0.002
7883.66669  15.430  0.002
7883.71830  15.428  0.002
7883.76038  15.412  0.002
7883.81591  15.418  0.003
7883.87840  15.418  0.003
7887.60893  15.619  0.005
7887.63060  15.626  0.004
7887.78705  15.650  0.004
7887.82343  15.644  0.003
7887.86875  15.655  0.005
7887.92565  15.666  0.004
7888.60988  15.698  0.003
7888.63942  15.685  0.004
7888.68874  15.695  0.003
7888.72376  15.691  0.003
7888.76031  15.693  0.003
7888.81058  15.697  0.003
7888.86353  15.700  0.003
7888.91012  15.699  0.003
7889.60152  15.766  0.003
7889.61564  15.750  0.003
7889.65208  15.747  0.003
7889.69979  15.759  0.003
7889.73516  15.752  0.003
7889.76971  15.751  0.003
7889.81560  15.754  0.003
7889.85166  15.760  0.003
7889.90281  15.764  0.003
7889.93937  15.766  0.003
7890.60660  15.803  0.003
7890.61388  15.802  0.003
7890.65526  15.814  0.003
7890.70109  15.806  0.003
7890.73912  15.804  0.003
7890.79151  15.824  0.003
7890.82961  15.815  0.003
7890.86515  15.819  0.003
7890.91606  15.816  0.003
7893.59061  15.958  0.003
7893.60486  15.956  0.003
7893.64461  15.975  0.004
7893.69684  15.968  0.003
7893.73857  15.970  0.004
7893.79231  15.970  0.003
7893.81449  15.975  0.003
7893.87065  15.972  0.003
7893.91073  15.981  0.003
7894.58942  16.015  0.004
7894.61440  16.013  0.004
7894.66783  16.018  0.005
7894.70900  16.027  0.005
7894.77901  16.026  0.007
7894.82271  16.027  0.004
7894.86223  16.030  0.004
7895.58524  16.060  0.003
7895.60069  16.053  0.003
7895.66098  16.071  0.005
7895.71252  16.084  0.004
7895.75344  16.087  0.011
7895.80835  16.082  0.013
7895.84728  16.055  0.018
7895.90660  16.083  0.016
7896.70176  16.110  0.004
7896.74494  16.102  0.038
7896.80450  16.117  0.005
7901.56970  16.315  0.006
7901.60828  16.305  0.004
7901.64403  16.319  0.004
7901.69251  16.318  0.004
7901.73106  16.317  0.004
7901.76821  16.326  0.005
7901.81653  16.323  0.005
7901.85463  16.463  0.075
7902.57158  16.358  0.005
7902.59380  16.340  0.004
7902.63016  16.352  0.004
7902.67291  16.356  0.004
7902.72204  16.355  0.004
7902.76230  16.377  0.007
7903.56515  16.392  0.006
7903.57691  16.389  0.006
7903.62697  16.390  0.004
7903.66458  16.396  0.005
7903.72071  16.396  0.004
7903.76627  16.404  0.070
7903.80124  16.388  0.004
7903.84881  16.411  0.006
7903.88339  16.414  0.006
7903.93271  16.383  0.007
7904.56863  16.438  0.007
7904.60763  16.421  0.004
7904.64383  16.437  0.007
7904.69338  16.414  0.005
7904.73251  16.452  0.007
7904.76908  16.438  0.007
7904.82021  16.438  0.004
7904.85541  16.428  0.004
7904.90248  16.437  0.004
7904.94052  16.445  0.007
7905.55801  16.426  0.004
7905.57207  16.454  0.004
7905.61647  16.455  0.005
7905.66051  16.453  0.004
7905.70087  16.468  0.004
7905.74400  16.467  0.005
7905.79923  16.449  0.004
7905.83995  16.463  0.005
7905.86058  16.464  0.004
7905.92567  16.460  0.005
7906.55581  16.481  0.005
7906.59082  16.488  0.005
7906.63617  16.493  0.006
7906.69125  16.493  0.013
7906.73073  16.521  0.007
7906.75115  16.505  0.008
7906.79400  16.507  0.008
7906.84261  16.513  0.006
7906.89140  16.510  0.006
7907.55453  16.515  0.011
7907.59821  16.523  0.017
7907.63711  16.543  0.010
7907.68776  16.526  0.016
7907.72886  16.561  0.009
7907.78107  16.566  0.014
7907.78701  16.567  0.014
7907.82491  16.562  0.012
7907.87636  16.551  0.006
7907.92808  16.531  0.007
7908.62913  16.561  0.008
7908.65146  16.555  0.007
7908.67205  16.568  0.007
7908.71124  16.567  0.009
7908.76399  16.563  0.007
7908.80160  16.566  0.007
7908.85909  16.559  0.008
7908.89784  16.549  0.005
7867.69261  15.789  0.003
7869.90841  15.664  0.003
7910.55438  16.599  0.005
7910.61517  16.618  0.006
7910.65652  16.618  0.009
7910.75160  16.614  0.013
7910.78874  16.634  0.011
7910.84005  16.612  0.006
7910.87814  16.600  0.006
7910.92047  16.622  0.006
7911.63871  16.646  0.006
7911.68936  16.637  0.005
7911.72985  16.643  0.006
7911.76922  16.642  0.007
7911.82443  16.627  0.005
7911.86398  16.637  0.006
7911.90316  16.662  0.016
7913.54710  16.658  0.009
7913.56934  16.682  0.008
7913.60855  16.685  0.007
7913.65800  16.672  0.009
7913.69659  16.706  0.014
7913.73902  16.704  0.010
7913.78994  16.676  0.008
7913.83253  16.684  0.008
7913.87015  16.700  0.009
7914.54328  16.698  0.011
7914.56341  16.734  0.012
7914.60507  16.733  0.008
7914.66497  16.714  0.013
7914.70159  16.705  0.011
7914.73859  16.689  0.019
7914.79611  16.731  0.010
7914.90715  16.733  0.009
7915.54269  16.730  0.014
7915.58103  16.703  0.014
7915.63534  16.749  0.011
7915.67093  16.737  0.011
7915.70618  16.720  0.021
7915.75279  16.728  0.008
7915.79266  16.733  0.008
7915.84907  16.723  0.009
7915.88462  16.708  0.008
7916.53698  16.731  0.008
7916.55964  16.715  0.006
7916.60729  16.741  0.005
7916.64523  16.758  0.007
7916.68053  16.767  0.011
7916.72893  16.756  0.013
7916.76359  16.762  0.006
7916.81382  16.768  0.008
7916.85418  16.747  0.008
7916.89120  16.740  0.007
7872.64857  15.499  0.003
7872.68853  15.496  0.005
7917.53629  16.750  0.008
7872.73455  15.485  0.007
7872.77149  15.525  0.012
7872.77346  15.481  0.007
7872.80997  15.489  0.013
7872.86002  15.480  0.004
7872.89890  15.480  0.006
7917.57568  16.765  0.007
7917.61336  16.756  0.006
7917.66367  16.769  0.006
7917.71353  16.780  0.008
7917.75014  16.766  0.011
7917.79751  16.785  0.008
7917.84307  16.770  0.006
7917.88106  16.760  0.005
7918.53425  16.792  0.007
7918.58236  16.766  0.008
7918.61724  16.795  0.007
7918.66481  16.765  0.006
7918.70303  16.782  0.009
7918.74696  16.817  0.011
7918.80102  16.783  0.017
7918.84835  16.667  0.093
7919.60352  16.780  0.031
7919.63947  16.788  0.029
7919.68781  16.719  0.030
7923.52901  16.844  0.006
7923.55170  16.870  0.006
7923.58984  16.870  0.008
7923.64086  16.899  0.008
7923.71936  16.892  0.011
7923.77333  16.896  0.016
7924.51016  16.906  0.013
7924.54497  16.883  0.009
7924.60639  16.901  0.009
7924.64381  16.931  0.012
7924.68265  16.903  0.010
7924.73299  16.928  0.013
7924.77051  16.875  0.016
7924.81172  16.921  0.012
7924.86398  16.921  0.009
